   1.0000000000000000        5053435.1820845725        5053435.2212587213        25.522528796605958        25.522528994334881        967419.53769434604        968479.46054949774        1154.1023209702096        1154.1023209702096        264.16532090424511        264.16532090424511        1741.5280165712566        1741.5280165712566     
   2.0000000000000000        4242075.7158589130        4242075.7250745324        21.424733018719909        21.424733065229304        1778305.4324599728        1779499.5684688340        1590.2736723918581        1590.2736723918581        73.112546209369526        73.112546209369526        1939.8954962847274        1939.8954962847274     
   3.0000000000000000        3560999.6294628237        3560999.5950426990        17.984937431893261        17.984937258037490        2458690.8898200663        2459997.6089587826        2261.4705665922265        2261.4705665922265        24.976574653591285        24.976574653591285        1998.3639069904468        1998.3639069904468     
   4.0000000000000000        2989286.7761963774        2989286.6849245070        15.097484195935269        15.097483734954796        3029531.0040974896        3030932.1513348846        3128.2128897392117        3128.2128897392117        14.774573482897956        14.774573482897956        2023.0787762862797        2023.0787762862797     
   5.0000000000000000        2509376.2447319468        2509375.9798059128        12.673681391555295        12.673680053532374        3508416.0225269496        3509896.4639949561        4157.3692511496392        4157.3692511496392        15.009311007682143        15.009311007682143        2042.5039352135532        2042.5039352135532     
   6.0000000000000000        2106526.9526536129        2106526.4300447763        10.639078731550276        10.639076092094255        3910111.6528122681        3911658.6707383441        5321.1379141456282        5321.1379141456282        18.397371195821272        18.397371195821272        2064.7248293984680        2064.7248293984680     
   7.0000000000000000        1768364.8547459061        1768364.2863278154        8.9311807224304989        8.9311778516145175        4247012.6112414524        4248615.2471020399        6596.1912215513339        6596.1912215513339        22.956842698693976        22.956842698693976        2092.3872976544662        2092.3872976544662     
   8.0000000000000000        1484502.8579396522        1484502.8965923013        7.4975270332388657        7.4975272284529115        4529523.3426857442        4531171.9217440141        7962.9569804312951        7962.9569804312951        28.111118052329598        28.111118052329598        2126.6160032422013        2126.6160032422013     
   9.0000000000000000        1246221.7681031872        1246223.4212605839        6.2940811075702268        6.2940894568903207        4766377.6067975415        4768063.5476272935        9405.0149877494478        9405.0149877494478        33.661695423363327        33.661695423363327        2168.0603004216750        2168.0603004216750     
   10.000000000000000        1046202.4685404974        1046206.8257127694        5.2838775228920722        5.2838995289222739        4964906.7469171081        4966622.6017868593        10908.590474475955        10908.590474475955        39.515422875082095        39.515422875082095        2217.1826600789577        2217.1826600789577     
   11.000000000000000        878301.10370702751        878308.99966473621        4.4358865490312454        4.4359264278056925        5131264.8819199409        5133004.4789816123        12462.129063301245        12462.129063301245        45.612003060384382        45.612003060384382        2274.3443131078575        2274.3443131078575     
   12.000000000000000        737360.36261565913        737372.09330078447        3.7240610292489817        3.7241202754316269        5270617.9380682269        5272376.5020737192        14055.940179169178        14055.940179169178        51.904685157069352        51.904685157069352        2339.8355887991966        2339.8355887991966     
   13.000000000000000        619051.06525475800        619066.22796795389        3.1265363076044217        3.1266128873498680        5387302.3272280218        5389076.5020584445        15681.897870374578        15681.897870374578        58.354867637508889        58.354867637508889        2413.8905662653369        2413.8905662653369     
   14.000000000000000        519739.18613702169        519756.66410450987        2.6249586273245402        2.6250469003326620        5484958.1454620464        5486745.8941034535        17333.189746046883        17333.189746046883        64.930213985880229        64.930213985880229        2496.6967243253584        2496.6967243253584     
   15.000000000000000        436374.23043274303        436392.30311506666        2.2039213710541619        2.2040126476878323        5566640.9833678529        5568441.3804581985        19004.106236646538        19004.106236646538        71.603623713368435        71.603623713368435        2588.4024886079092        2588.4024886079092     
   16.000000000000000        366395.53401378478        366412.07360412669        1.8504918263647530        1.8505753600706023        5634915.7825627886        5636728.7361573456        20689.863657451217        20689.863657451217        78.352433219216948        78.352433219216948        2689.1235030370021        2689.1235030370021     
   17.000000000000000        307653.60929102765        307666.31836382288        1.5538139405029197        1.5538781280629130        5691935.6212409744        5693761.5664186636        22386.455624768278        22386.455624768278        85.157723263355464        85.157723263355464        2798.9479175525039        2798.9479175525039     
   18.000000000000000        258344.12087936240        258350.77097524289        1.3047748624688627        1.3048084489808531        5739507.8488041898        5741347.4513044516        24090.528267607089        24090.528267607089        92.003716361225599        92.003716361225599        2917.9408497450618        2917.9408497450618     
   19.000000000000000        216952.46306604263        216951.10407344587        1.0957250298266787        1.0957181661926190        5779149.6009787293        5781003.4993026890        25799.275420709950        25799.275420709950        98.877260937508410        98.877260937508410        3046.1481415674775        3046.1481415674775     
   20.000000000000000        182207.23670653242        182196.35837883633       0.92024320234517520       0.92018826101834295        5812134.4006379675        5814003.0038308436        27510.350602997907        27510.350602997907        105.76739598119934        105.76739598119934        3183.5995162545300        3183.5995162545300     
   21.000000000000000        153041.19652958837        153019.83395068938       0.77293922516880542       0.77283133281092797        5839531.2757361187        5841414.6238119500        29221.793100259245        29221.793100259245        112.66498687682135        112.66498687682135        3330.3112277251730        3330.3112277251730     
   22.000000000000000        128558.46929675005        128526.25238092261       0.64928846313041966       0.64912575061222622        5862237.5959119173        5864135.2817928270        30931.965900453804        30931.965900453804        119.56242215389663        119.56242215389663        3486.2882823846435        3486.2882823846435     
   23.000000000000000        108007.03587894252        107964.18872028375       0.54549282063824800       0.54527641975382002        5881006.6363816326        5882917.7826511580        32639.503589262997        32639.503589262997        126.45336140231446        126.45336140231446        3651.5263016239887        3651.5263016239887     
   24.000000000000000        90755.632001025369        90702.931247578774       0.45836407818037112       0.45809791141438222        5896470.7157826070        5898393.9963270789        34343.268614641129        34343.268614641129        133.33252574483598        133.33252574483598        3826.0130828548545        3826.0130828548545     
   25.000000000000000        76274.358130311331        76213.060977085988       0.38522596197415776       0.38491637882841617        5909160.6186765702        5911094.3139846632        36042.314581988117        36042.314581988117        140.19552355643566        140.19552355643566        4009.7299077959065        4009.7299077959065     
   26.000000000000000        64118.402916309118        64050.155298387130       0.32383193870130172       0.32348725202123418        5919521.8993004374        5921463.9743030220        37735.855454196637        37735.855454196637        147.03870534424206        147.03870534424206        4202.6526389248784        4202.6526389248784     
   27.000000000000000        53914.380225759625        53841.114831514875       0.27229621028575673       0.27192618117305301        5927928.5673557203        5929876.7617341178        39423.239709796857        39423.239709796857        153.85904276707842        153.85904276707842        4404.7526384081084        4404.7526384081084     
   28.000000000000000        45348.860097048324        45272.692319867812       0.22903578912852210       0.22865110144212428        5934694.5762135396        5936646.4986784086        41103.928663136285        41103.928663136285        160.65402766566828        160.65402766566828        4615.9975382646326        4615.9975382646326     
   29.000000000000000        38158.741327192132        38081.869545766298       0.19272187456402332       0.19233363128268452        5940083.4664105549        5942036.6862436607        42777.478277475420        42777.478277475420        167.42158770814353        167.42158770814353        4836.3518858610423        4836.3518858610423     
   30.000000000000000        32123.169972762735        32047.784817288688       0.16223903700206899       0.16185830197054021        5944316.4606484612        5946268.5915845996        44443.523908790121        44443.523908790121        174.16001585427102        174.16001585427102        5065.7776849269749        5065.7776849269749     
   31.000000000000000        27056.755530885959        26984.961198776029       0.13665095604268646       0.13628835657429814        5947579.2589455862        5949528.0321098650        46101.767508084762        46101.767508084762        180.86791132979894        180.86791132979894        5304.2348490083714        5304.2348490083714     
   32.000000000000000        22803.876426404840        22737.625737022747       0.11517166016502486       0.11483705903364719        5950027.7426626012        5951971.0666894894        47751.966885774244        47751.966885774244        187.54413020061071        187.54413020061071        5551.6815815336831        5551.6815815336831     
   33.000000000000000        19233.899890763973        19174.943648638306        9.7141384579588236E-002   9.6843624276993445E-002   5951792.7626089910        5953728.7702207286        49393.926705414218        49393.926705414218        194.18774396239274        194.18774396239274        5808.0746943708327        5808.0746943708327     
   34.000000000000000        16237.169404915532        16187.019777074753        8.2006305686015857E-002   8.1753023457989585E-002   5952984.1583032645        5954911.2395150121        51027.490927629908        51027.490927629908        200.79800482929187        200.79800482929187        6073.3698748275983        6073.3698748275983     
   35.000000000000000        13721.636455284734        13681.543442722401        6.9301529653658114E-002   6.9099038668415477E-002   5953694.1318437448        5955610.9546101280        52652.536470105697        52652.536470105697        207.37431662569711        207.37431662569711        6347.5219094348859        6347.5219094348859     
   36.000000000000000        11610.033142754388        11580.972809030271        5.8636812596853050E-002   5.8490042493228839E-002   5954000.0800228463        5955905.5995754739        54268.967887299113        54268.967887299113        213.91621036766639        213.91621036766639        6630.4848715004946        6630.4848715004946     
   37.000000000000000        9837.4987976393531        9820.1716747209866        4.9684573721328243E-002   4.9597062557430974E-002   5953966.9716769131        5955860.4300602581        55876.712905271561        55876.712905271561        220.42332377166593        220.42332377166593        6922.2122782882088        6922.2122782882088     
   38.000000000000000        8349.5876990119013        8344.4256865204261        4.2169833249773081E-002   4.2143762347836920E-002   5953649.3432950703        5955530.2607243182        57475.718673648866        57475.718673648866        226.89538405381813        226.89538405381813        7222.6572227279548        7222.6572227279548     
   39.000000000000000        7100.5967028599653        7107.7767789166846        3.5861766056747180E-002   3.5898029250181457E-002   5953092.9741848158        5954961.1338574393        59065.948619050767        59065.948619050767        233.33219348729406        233.33219348729406        7531.7724837676096        7531.7724837676096     
   40.000000000000000        6052.1614099801463        6071.6245505839570        3.0566611571725438E-002   3.0664910758008538E-002   5952336.2926492775        5954191.7205717247        60647.379803046038        60647.379803046038        239.73361727250673        239.73361727250673        7849.5106188109512        7849.5106188109512     
   41.000000000000000        5172.0777530581909        5203.5515875048168        2.6121722168637767E-002   2.6280681731204208E-002   5951411.5563687123        5953254.4976359671        62220.000703378493        62220.000703378493        246.09957334734989        246.09957334734989        8175.8240411282868        8175.8240411282868     
   42.000000000000000        4433.3128064360553        4476.3366984099466        2.2390567230369716E-002   2.2607860711431262E-002   5950345.8432432124        5952176.7360525560        63783.809350355841        63783.809350355841        252.43002382533615        252.43002382533615        8510.6650846589528        8510.6650846589528     
   43.000000000000000        3813.1744342880934        3867.1258559197672        1.9258539431502238E-002   1.9531022735030417E-002   5949161.8831316624        5950981.3316390412        65338.811761308229        65338.811761308229        258.72496780013165        258.72496780013165        8853.9860582334895        8853.9860582334895     
   44.000000000000000        3292.6142718592914        3356.7355191162305        1.6629434423755727E-002   1.6953280742379940E-002   5947878.7560348921        5949687.5029851235        66885.020625251462        66885.020625251462        264.98443529732816        264.98443529732816        9205.7392909154223        9205.7392909154223     
   45.000000000000000        2855.6426299186355        2929.0671033887375        1.4422495793052258E-002   1.4793328339959694E-002   5946512.4781686459        5948311.3780582277        68422.454197620507        68422.454197620507        271.20848218971645        271.20848218971645        9565.8771698880082        9565.8771698880082     
   46.000000000000000        2488.8373504492738        2570.6147898533618        1.2569934520170266E-002   1.2982953976782440E-002   5945076.4939283663        5946866.4872980760        69951.135371415236        69951.135371415236        277.39718592197096        277.39718592197096        9934.3521720813078        9934.3521720813078     
   47.000000000000000        2180.9315274328028        2270.0517372689474        1.1014846751967036E-002   1.1464951095031459E-002   5943582.0888571357        5945364.1781647569        71471.090896526017        71471.090896526017        283.55064191547700        283.55064191547700        10311.116890542236        10311.116890542236     
   48.000000000000000        1922.4674290299622        2017.8821645525736        9.7094659247767955E-003   1.0191360962173168E-002   5942038.7363016289        5943813.9636952188        72982.350723552852        72982.350723552852        289.66896054482260        289.66896054482260        10696.124056388862        10696.124056388862     
   49.000000000000000        1705.5059909228967        1806.1487874567854        8.6136955516584179E-003   9.1219950709552459E-003   5940454.3884040732        5942223.8156039352        74484.947452241162        74484.947452241162        295.75226459489437        295.75226459489437        11089.326557054874        11089.326557054874     
   50.000000000000000        1523.3829575253549        1628.1867821321030        7.6938776061256531E-003   8.2231925248606539E-003   5938835.7203684133        5940600.4107712237        75978.915867849719        75978.915867849719        301.80068712211755        301.80068712211755        11490.677451416866        11490.677451416866     
   51.000000000000000        1370.5041806177549        1478.4168642575996        6.9217586716482059E-003   7.4667749779334823E-003   5937188.3355036350        5938949.3385441620        77464.292551443112        77464.292551443112        307.81436965561818        307.81436965561818        11900.129982301954        11900.129982301954     
   52.000000000000000        1242.1737877357791        1352.1712596234454        6.2736221008474662E-003   6.8291676938880544E-003   5935516.9373424277        5937275.2750856411        78941.115552344185        78941.115552344185        313.79346068435160        313.79346068435160        12317.637586793622        12317.637586793622     
   53.000000000000000        1134.4499422788265        1245.5473376865316        5.7295595275165265E-003   6.2906603179089067E-003   5933825.4741220353        5935582.1300096298        80409.424112864624        80409.424112864624        319.73811438485234        319.73811438485234        12743.153904686826        12743.153904686826     
   54.000000000000000        1044.0237648205691        1155.2845148180177        5.2728593549992049E-003   5.8347851727409096E-003   5932117.2600652082        5933873.1697040200        81869.258437009747        81869.258437009747        325.64848955148477        325.64848955148477        13176.632785387343        13176.632785387343     
   55.000000000000000        968.11769653061208        1078.6607347637164        4.8894934375452925E-003   5.4477944300910632E-003   5930395.0771865733        5932151.1210402930        83320.659496178647        83320.659496178647        331.52474869714331        331.52474869714331        13618.028293503297        13618.028293503297     
   56.000000000000000        904.40018280623303        1013.4054220377553        4.5676861873855494E-003   5.1182204790831964E-003   5928661.2607515203        5930418.2585800039        84763.668865992135        84763.668865992135        337.36705729744006        337.36705729744006        14067.294713337296        14067.294713337296     
   57.000000000000000        850.91405650987758        957.62629780410487        4.2975528720841814E-003   4.8365063076312477E-003   5926917.7710126089        5928676.4778933125        86198.328589314857        86198.328589314857        343.17558315569954        343.17558315569954        14524.386552454493        14524.386552454493     
   58.000000000000000        806.01642100946538        909.74786253258571        4.0707959919968470E-003   4.5946948072135676E-003   5925166.2534269504        5926927.3571893144        87624.681061321113        87624.681061321113        348.95049586967258        348.95049586967258        14989.258544473980        14989.258544473980     
   59.000000000000000        768.32818645011878        868.45969812197143        3.8804504116689330E-003   4.3861676711658528E-003   5923408.0892042415        5925172.2091088705        89042.768933113301        89042.768933113301        354.69196638390287        354.69196638390287        15461.865651207609        15461.865651207609     
   60.000000000000000        736.69170919760779        832.67303495909778        3.7206694165502151E-003   4.2054260352859443E-003   5921644.4377380824        5923412.1242373195        90452.635030954480        90452.635030954480        360.40016661422044        360.40016661422044        15942.163064250593        15942.163064250593     
   61.000000000000000        710.13523329336738        801.48427548646032        3.5865451234768134E-003   4.0479062524973256E-003   5919876.2722239261        5921648.0076479027        91854.322288642201        91854.322288642201        366.07526913297119        366.07526913297119        16430.106206111777        16430.106206111777     
   62.000000000000000        687.84304169366806        774.14437278399146        3.4739577285924999E-003   3.9098252384406479E-003   5918104.4095577002        5919880.6095794281        93247.873690941662        93247.873690941662        371.71744690538964        371.71744690538964        16925.650730957528        16925.650730957528     
   63.000000000000000        669.13040044903846        750.03313671923172        3.3794489621612068E-003   3.7880507039000119E-003   5916329.5354334861        5918110.5511773042        94633.332226325350        94633.332226325350        377.32687306903239        377.32687306903239        17428.752525031523        17428.752525031523     
   64.000000000000000        653.42252620149532        728.63768665178532        3.3001158632690753E-003   3.6799923295283759E-003   5914552.2254111553        5916338.3460804196        96010.740847542867        96010.740847542867        382.90372074946515        382.90372074946515        17939.367706802899        17939.367706802899     
   65.000000000000000        640.23693095863030        709.53439290897086        3.2335216115664655E-003   3.5835105607184910E-003   5912772.9626010908        5914564.4185128268        97380.142438777970        97380.142438777970        388.44816290646497        388.44816290646497        18457.452626886898        18457.452626886898     
   66.000000000000000        629.16860184109498        692.37375298337520        3.1776206771297493E-003   3.4968402243764902E-003   5910992.1525091967        5912789.1184353260        98741.579788345320        98741.579788345320        393.96037220590347        393.96037220590347        18982.963867775223        18982.963867775223     
   67.000000000000000        619.87756057996023        676.86773574636231        3.1306959893225646E-003   3.4185266104854771E-003   5909210.1354981819        5911012.7342244964        100095.09556604514        100095.09556604514        399.44052091323647        399.44052091323647        19515.858243407431        19515.858243407431     
   68.000000000000000        612.07842063756846        662.77920053161063        3.0913061947155625E-003   3.3473720328635981E-003   5907427.1972478852        5909235.5032730429        101440.73230443268        101440.73230443268        404.88878080516633        404.88878080516633        20056.092798609741        20056.092798609741     
   69.000000000000000        605.53162118512660        649.91305990807871        3.0582413840223683E-003   3.2823911964788531E-003   5905643.5775359441        5907457.6208432568        102778.53238337633        102778.53238337633        410.30532309658236        410.30532309658236        20603.624808423501        20603.624808423501     
   70.000000000000000        600.03606867714734        638.10890717039945        3.0304859281464333E-003   3.2227739623640417E-003   5903859.4776085084        5905679.2474530675        104108.53801737759        104108.53801737759        415.69031838034050        415.69031838034050        21158.411777342000        21158.411777342000     
   71.000000000000000        595.42295999902944        627.23487357062425        3.0071872817991389E-003   3.1678543233779758E-003   5902075.0663674138        5903900.5150300879        105430.79124520833        105430.79124520833        421.04393657782640        421.04393657782640        21720.411438471416        21720.411438471416     
   72.000000000000000        591.55059745764197        617.18251739608706        2.9876297964512963E-003   3.1170845913370505E-003   5900290.4855638538        5902121.5320319291        106745.33392149166        106745.33392149166        426.36634689857038        426.36634689857038        22289.581752629139        22289.581752629139     
   73.000000000000000        588.30003635053652        607.86257825482744        2.9712127382484493E-003   3.0700139539040308E-003   5898505.8541580783        5900342.3876997093        108052.20770991135        108052.20770991135        431.65771780745399        431.65771780745399        22865.880907390667        22865.880907390667     
   74.000000000000000        585.57143142315772        599.20145627993827        2.9574318356813721E-003   3.0262706927020235E-003   5896721.2719790433        5898563.1555853179        109351.45407778470        109351.45407778470        436.91821699828000        436.91821699828000        23449.267316094447        23449.267316094447     
   75.000000000000000        583.28096999068657        591.13829817924409        2.9458637902242176E-003   2.9855474663193276E-003   5894936.8227964099        5896783.8964707172        110643.11429177571        110643.11429177571        442.14801137266960        442.14801137266960        24039.699616812566        24039.699616812566     
   76.000000000000000        581.35829752132429        583.62259078643353        2.9361532741642256E-003   2.9475891564658963E-003   5893152.5768992631        5895004.6607788103        111927.22941456092        111927.22941456092        447.34726702341641        447.34726702341641        24637.136671293971        24637.136671293971     
   77.000000000000000        579.74435660442532        576.61217856105634        2.9280020162442419E-003   2.9121828552964883E-003   5891368.5932607520        5893225.4905595817        113203.84030228983        113203.84030228983        452.51614922156250        452.51614922156250        25241.537563885733        25241.537563885733     
   78.000000000000000        578.38957292454870        570.07163479818837        2.9211596398692262E-003   2.8791496391553078E-003   5889584.9213551478        5891446.4211218823        114472.98760270736        114472.98760270736        457.65482240658065        457.65482240658065        25852.861600437132        25852.861600437132     
   79.000000000000000        577.25233252123394        563.97092753207687        2.9154159724602254E-003   2.8483378306815980E-003   5887801.6026831279        5889667.4823699733        115734.71175382688        115734.71175382688        462.76345017914343        462.76345017914343        26471.068307190417        26471.068307190417     
   80.000000000000000        576.29770356153961        558.28433057864345        2.9105945897275132E-003   2.8196174989965259E-003   5886018.6720521366        5887888.6998944851        116989.05298305982        116989.05298305982        467.84219529604303        467.84219529604303        27096.117429661583        27096.117429661583     
   81.000000000000000        575.49636336290553        552.98953813497485        2.9065473965667692E-003   2.7928759879608531E-003   5884236.1586511564        5886110.0958594419        118236.05130672389        118236.05130672389        472.89121966689663        472.89121966689663        27727.968931513926        27727.968931513926     
   82.000000000000000        574.82369770843729        548.06694807224221        2.9031500781234029E-003   2.7680142964239232E-003   5882454.0869528987        5884331.6897202870        119475.74652986341        119475.74652986341        477.91068435232899        477.91068435232899        28366.582993426673        28366.582993426673     
   83.000000000000000        574.25904478890038        543.49908471787944        2.9002982812984849E-003   2.7449441629674178E-003   5880672.4774711188        5882553.4988021618        120708.17824632715        120708.17824632715        482.90074956337548        482.90074956337548        29011.920011960607        29011.920011960607     
   84.000000000000000        573.78506054810600        539.27013668866221        2.8979044094062309E-003   2.7235857317171944E-003   5878891.3473963402        5880775.5387629177        121933.38583905714        121933.38583905714        487.86157466188979        487.86157466188979        29663.940598422345        29663.940598422345     
   85.000000000000000        573.38718593744125        535.36558934808522        2.8958949315267225E-003   2.7038656960580430E-003   5877110.7111294819        5878997.8239613380        123151.40848055003        123151.40848055003        492.79331816177546        492.79331816177546        30322.605577728540        30322.605577728540     
   86.000000000000000        573.05319971556548        531.77193483690962        2.8942081239071095E-003   2.6857158341341020E-003   5875330.5807298077        5877220.3677476374        124362.28513345883        124362.28513345883        497.69613773089065        497.69613773089065        30987.875987271178        30987.875987271178     
   87.000000000000000        572.77284305692740        528.47644546433150        2.8927921740354531E-003   2.6690718643540309E-003   5873550.9662909470        5875443.1826904872        125566.05455130810        125566.05455130810        502.57019019350031        502.57019019350031        31659.713075784868        31659.713075784868     
   88.000000000000000        572.53750443846207        525.46699863285039        2.8916035891513609E-003   2.6538725611687090E-003   5871771.8762565348        5873666.2807524130        126762.75527930037        126762.75527930037        507.41563153317082        507.41563153317082        32338.078302216887        32338.078302216887     
   89.000000000000000        572.33995512534705        522.73194347345077        2.8906058603087154E-003   2.6400590815081450E-003   5869993.3176851636        5871889.6734234029        127952.42565519520        127952.42565519520        512.23261689601998        512.23261689601998        33022.933334600588        33022.933334600588     
   90.000000000000000        572.17412713091630        520.26000104899947        2.8897683409554319E-003   2.6275744607556837E-003   5868215.2964727972        5870113.3718208903        129135.10381024558        129135.10381024558        517.02130059424962        517.02130059424962        33714.240048932770        33714.240048932770     
   91.000000000000000        572.03492683047830        518.04019139335094        2.8890653055843544E-003   2.6163632442567793E-003   5866437.8175394693        5868337.3867628444        130310.82767017887        130310.82767017887        521.78183610990152        521.78183610990152        34411.960528055271        34411.960528055271     
   92.000000000000000        571.91807850394252        516.06178183423015        2.8884751595405068E-003   2.6063712263221356E-003   5864660.8849860001        5866561.7288195463        131479.63495621202        131479.63495621202        526.51437609878587        526.51437609878587        35116.057060541316        35116.057060541316     
   93.000000000000000        571.81999300145969        514.31425203558433        2.8879797757128977E-003   2.5975452736730362E-003   5862884.5022255518        5864786.4083486078        132641.56318609207        132641.56318609207        531.21907239454356        531.21907239454356        35826.492139586713        35826.492139586713     
   94.000000000000000        571.73765749796962        512.78727202020775        2.8875639377364927E-003   2.5898332144439380E-003   5861108.6720940564        5863011.4355169926        133796.64967515567        133796.64967515567        535.89607601280602        535.89607601280602        36543.228461906278        36543.228461906278     
   95.000000000000000        571.66854295032101        511.47069012177303        2.8872148726015756E-003   2.5831837773338372E-003   5859333.3969429126        5861236.8203130821        134944.93153740073        134944.93153740073        540.54553715542795        540.54553715542795        37266.228926635507        37266.228926635507     
   96.000000000000000        571.61052641438971        510.35452838865342        2.8869218583139713E-003   2.5775465683931364E-003   5857558.6787168039        5859462.5725512840        136086.44568656693        136086.44568656693        545.16760521476851        545.16760521476851        37995.456634237780        37995.456634237780     
   97.000000000000000        571.56182583606017        509.42898343844286        2.8866758945549141E-003   2.5728720753394191E-003   5855784.5190190086        5857688.7018711716        137221.22883722000        137221.22883722000        549.76242877800439        549.76242877800439        38730.874885417048        38730.874885417048     
   98.000000000000000        571.52094531309274        508.68443115733550        2.8864694262244303E-003   2.5691116912918135E-003   5854010.9191662343        5855915.2177327815        138349.31750583780        138349.31750583780        554.33015563145875        554.33015563145875        39472.447180036193        39472.447180036193     
   99.000000000000000        571.48662914652107        508.11143396559333        2.8862961113765187E-003   2.5662177514654580E-003   5852237.8802346438        5854142.1294093300        139470.74801189519        139470.74801189519        558.87093276493624        558.87093276493624        40220.137216041105        40220.137216041105     
   100.00000000000000        571.45782327020891        507.70074964021734        2.8861506264179475E-003   2.5641435777306698E-003   5850465.4030984864        5852369.4459783770        140585.55647894618        140585.55647894618        563.38490637605264        563.38490637605264        40973.908888390411        40973.908888390411     
   101.00000000000000        571.43364287382417        507.44334090794320        2.8860285025870958E-003   2.5628435270626648E-003   5848693.4884625319        5850597.1763122138        141693.77883570167        141693.77883570167        567.87222187455370        567.87222187455370        41733.726287991005        41733.726287991005     
   102.00000000000000        571.41334522472675        507.33038520364471        2.8859259886900696E-003   2.5622730408266718E-003   5846922.1368892938        5848825.3290680861        142795.45081710175        142795.45081710175        572.33302388661696        572.33302388661696        42499.553700639299        42499.553700639299     
   103.00000000000000        571.39630685396060        507.35328413774533        2.8858399358778521E-003   2.5623886925933829E-003   5845151.3488218775        5847053.9126787139        143890.60796538179        143890.60796538179        576.76745625913213        576.76745625913213        43271.355605968252        43271.355605968252     
   104.00000000000000        571.38200440558467        507.50367233686785        2.8857677009252718E-003   2.5631482327889261E-003   5843381.1246031709        5845282.9353434276        144979.28563113161        144979.28563113161        581.17566206395622        581.17566206395622        44049.096676400084        44049.096676400084     
   105.00000000000000        571.36999856110845        507.77342541938310        2.8857070650408676E-003   2.5645106289756163E-003   5841611.4644919392        5843512.4050201830        146061.51897434753        146061.51897434753        585.55778360214322        585.55778360214322        44832.741776104798        44832.741776104798     
   106.00000000000000        571.35992054524729        508.15466694566879        2.8856561657137941E-003   2.5664361009544519E-003   5839842.3686763439        5841742.3294185949        147137.34296547654        147137.34296547654        589.91396240814390        589.91396240814390        45622.255959964335        45622.255959964335     
   107.00000000000000        571.35146079850483        508.63977424508153        2.8856134395043569E-003   2.5688861501944127E-003   5838073.8372852923        5839972.7159941038        148206.79238645307        148206.79238645307        594.24433925397727        594.24433925397727        46417.604472542429        46417.604472542429     
   108.00000000000000        571.34435946864664        509.22138307063886        2.8855775740209040E-003   2.5718235833410764E-003   5836305.8703979570        5838203.5719433073        149269.90183172797        149269.90183172797        598.54905415337146        598.54905415337146        47218.752747060149        47218.752747060149     
   109.00000000000000        571.33839842899738        509.89239107054163        2.8855474676079962E-003   2.5752125297496460E-003   5834538.4680517754        5836434.9042004868        150326.70570928941        150326.70570928941        602.82824636587452        602.82824636587452        48025.666404377000        48025.666404377000     
   110.00000000000000        571.33339457839327        510.64596009487741        2.8855221955076111E-003   2.5790184531350267E-003   5832771.6302491566        5834666.7194352923        151377.23824167650        151377.23824167650        607.08205440093502        607.08205440093502        48838.311251977677        48838.311251977677     
   111.00000000000000        571.32919421698966        511.47551737777246        2.8855009814539867E-003   2.5832081575423225E-003   5831005.3569631195        5832899.0240515620        152421.53346698513        152421.53346698513        611.31061602195302        611.31061602195302        49656.653282964304        49656.653282964304     
   112.00000000000000        571.32566832516829        512.37475565125294        2.8854831738295977E-003   2.5877497879218917E-003   5829239.6481420184        5831131.8241872061        153459.62523986632        153459.62523986632        615.51406825030142        615.51406825030142        50480.658675054270        50480.658675054270     
   113.00000000000000        571.32270860052984        513.33763225827715        2.8854682256498677E-003   2.5926128256496929E-003   5827474.5037135119        5829365.1257150955        154491.54723251736        154491.54723251736        619.69254736931862        619.69254736931862        51310.293789583491        51310.293789583491     
   114.00000000000000        571.32022413124412        514.35836733974679        2.8854556777618192E-003   2.5977680793707273E-003   5825709.9235878987        5827598.9342448786        155517.33293566582        155517.33293566582        623.84618892827234        623.84618892827234        52145.525170515153        52145.525170515153     
   115.00000000000000        571.31813860357317        515.43144117458132        2.8854451447405866E-003   2.6031876715650066E-003   5823945.9076609146        5825833.2551256455        156537.01565954660        156537.01565954660        627.97512774629706        627.97512774629706        52986.319543453857        52986.319543453857     
   116.00000000000000        571.31638795779497        516.55159075379345        2.8854363030505871E-003   2.6088450212448109E-003   5822182.4558160743        5824068.0934493607        157550.62853487220        157550.62853487220        632.07949791630301        632.07949791630301        53832.643814665164        53832.643814665164     
   117.00000000000000        571.31491842052446        517.71380566946323        2.8854288811076966E-003   2.6147148231918317E-003   5820419.5679266509        5822303.4540549815        158558.20451379652        158558.20451379652        636.15943280886074        636.15943280886074        54684.465070100443        54684.465070100443     
   118.00000000000000        571.31368485299424        518.91332339802773        2.8854226509371890E-003   2.6207730241352809E-003   5818657.2438573232        5820539.3415331841        159559.77637087216        159559.77637087216        640.21506507605875        640.21506507605875        55541.750574427067        55541.750574427067     
   119.00000000000000        571.31264936455682        520.14562405472020        2.8854174211711929E-003   2.6269967962590239E-003   5816895.4834655700        5818775.7602316169        160555.37670400157        160555.37670400157        644.24652665533722        644.24652665533722        56404.467770063893        56404.467770063893     
   120.00000000000000        571.31178014882471        521.40642469262355        2.8854130311705764E-003   2.6333645084087773E-003   5815134.2866028314        5817012.7142606135        161545.03793538202        161545.03793538202        648.25394877329768        648.25394877329768        57272.584276221911        57272.584276221911     
